0.0034000872643559325 7.9345284857257905 0.0351975587676589 7.899399878145756
0.010751600507168366 2.5681448091925114 0.009926603610267972 2.5656574356147965
0.016998667737261174 1.6508127912027544 0.004035893492394125 1.6476855286948524
0.02403714179230864 1.1950714409869734 0.0030613647459747494 1.1800772137525646
0.03398628788002733 0.8593661251522918 0.002598558340614877 0.8451808601389006
0.04161551769609821 0.7099558536014166 0.0020716685489718845 0.6953755516507831
0.048043057881557674 0.6192808260089456 0.0017916550356955354 0.6051477136182382
0.053702147376417715 0.557857745679071 0.0013923644045871608 0.5429216747448952
0.05881502831292484 0.5161401000442282 0.002092408929419124 0.4969440975467715
0.0958373432159125 0.3279153577275052 0.0014533982424999997 0.30559244114343437
0.12190644893385165 0.2618045881082833 0.0011872201047827585 0.23830556847591325
0.14313953864068504 0.22789394568849372 0.0010429860837085473 0.20042899689567228
0.15797618508068473 0.20680710433525973 0.000883792674051132 0.17969006965284778
0.16818771673100233 0.1955826467041548 0.0008932377403089582 0.16718872881694916
0.19815858960365632 0.1657442996692804 0.0008341892719023896 0.1375872861652673
0.24632346719781628 0.1358427334465542 0.0007508712010090783 0.10304757495642956
0.29401402642320607 0.11092397050116454 0.003786759664703469 0.07798524599825199
0.3914185296698986 0.07743093705227837 0.002729866010969897 0.04009449520339086
0.46142448735187663 0.05908639771856323 0.0021371002602220412 0.018373342032956076
0.5364966667265373 0.03772734802774964 0.000561011236235514 -0.0019199605648690782
0.5937478473389004 0.025833972865835702 0.0006165307486004685 -0.015596437213276984
0.6589646458929811 0.01225483247683667 0.0005200435865540089 -0.029061602441201782
0.7080897450514756 0.005995578675517389 0.00032697041986650045 -0.03718435738231571
0.7677573204828507 0.000699735209047968 0.00015020543498518954 -0.044026476148965404
0.8099921797317916 -0.0006947876565477573 0.0001243608126599372 -0.046365539644858074
0.8465509557670224 -0.00041639886663780254 0.00011652606331786894 -0.04634842589823808
0.8872268906855538 0.0010815040686203274 0.00010783049460152726 -0.043670881880083195
0.9134019455786435 0.0018857972727534507 0.00012821475502452907 -0.04012612688495226
0.9313166446063206 0.0023308984089291203 0.0001290777570885085 -0.036652776075376516
0.9382345122622595 0.0025522725467036662 0.00013741071771011898 -0.03502880633757398
0.9441472655030656 0.002529446008060794 0.00013571035086167894 -0.03349623238899808
0.9536653001582358 0.002453880704118581 0.00011262325705199615 -0.03069736617151585
0.9689790545534332 0.0017692653986710165 0.00007427370106572044 -0.02506973351193377
0.9763380242006351 0.0010311541103480647 0.000047339300153255334 -0.02165737106341476
0.9832790413357715 0.0003602840388038005 0.00004213428615747512 -0.017780115645746747
0.9886199351527737 -0.000332421121959437 0.00003234524167478116 -0.01412942032328864
0.9923356801208029 -0.0007400944677044468 0.00004780290928385008 -0.011037554219225905
0.9948084964638562 -0.0009192069522178657 0.00005845106636324097 -0.008570460108869062
0.99690336658778 -0.0010579890727937485 0.00005001978281640175 -0.006048139056524238
0.9979451453018598 -0.0010273669809223744 0.00005182568452997027 -0.004543736207405743
0.9992607390923341 -0.0006270477886456377 0.00004400473075715837 -0.002161103305341401
0.9999906471437621 0.000043971434477928505 0.00005614488509922351 -0.00006593784174656861
