0.0012557797802142043 21.
0.001326554893616345 19.805252842799682
0.0014798729800632859 17.753381391134393
0.001633191066510227 16.086754142960505
0.0017865091529571681 14.706186209135309
0.0019398272394041093 13.543849796849953
0.0020931453258510504 12.551790033301236
0.0022464634122979915 11.695143466254326
0.0023997814987449326 10.947956117585345
0.0025530995851918738 10.290508335924454
0.002706417671638815 9.707548929063153
0.002859735758085756 9.187097333702477
0.003013053844532697 8.719611491964507
0.0031663719309796383 8.297397480163154
0.0033196900174265794 7.914182733413906
0.0034730081038735205 7.564802311825745
0.0036263261903204617 7.24496475313473
0.0037796442767674024 6.9510749132886875
0.003932962363214343 6.6800982440924725
0.004086280449661284 6.429455624853822
0.004239598536108225 6.1969410134570975
0.0043929166225551665 5.980656341906128
0.004546234709002108 5.77895958543288
0.004699552795449049 5.5904229967587
0.005006188968342931 5.247993849149697
0.005159507054789871 5.092042350734728
0.005312825141236812 4.945091666592089
0.005619461314130695 4.67524586584537
0.005772779400577636 4.551072975271781
0.005926097487024577 4.4333251024389515
0.006232733659918459 4.215207833322165
0.0063860517463654 4.114003982534447
0.006539369832812341 4.017545564966802
0.006846006005706224 3.8375897269152213
0.006999324092153165 3.753524492940063
0.007152642178600106 3.673063077262841
0.007459278351493988 3.5220628257359143
0.007612596437940929 3.4511243073282376
0.00776591452438787 3.3829867078120106
0.008072550697281753 3.254475907302743
0.008225868783728694 3.1938132723738533
0.008379186870175635 3.1353705114203967
0.008685823043069517 3.024674401280235
0.008839141129516458 2.972206336925601
0.0089924592159634 2.9215273256480616
0.009299095388857282 2.825182499871906
0.009912367734645046 2.6503744905271924
0.010078582109213419 2.6066605985929785
0.01024479648378179 2.5643650877343385
0.01057722523291853 2.483761741714249
0.011242082731192014 2.336854932408641
0.011408297105760384 2.3028035377971765
0.011574511480328755 2.2697300620117296
0.011906940229465496 2.2063530523347685
0.01257179772773898 2.0896533847699885
0.01273801210230735 2.0623817967661218
0.01290422647687572 2.0358127017849568
0.013236655226012462 1.984676135313321
0.013901512724285947 1.8897393847655972
0.01406772709885432 1.8674071994953034
0.01423394147342269 1.8455965232190066
0.014566370222559431 1.8034682874028907
0.015231227720832914 1.7247280507386968
0.015397442095401285 1.7061053671846218
0.015563656469969656 1.687880403940896
0.015896085219106397 1.6525737341085076
0.01656094271737988 1.5862121396052684
0.01672715709194825 1.5704459084309461
0.01689337146651662 1.5549898825991015
0.017225800215653363 1.5249725282987359
0.017890657713926846 1.4682838659664599
0.018056872088495216 1.4547638758783437
0.018223086463063587 1.4414904794481342
0.01855551521220033 1.4156569606354446
0.01922037271047381 1.366670307437092
0.02055008770702078 1.27820447700883
0.020705287336547314 1.2686194144012644
0.02086048696607385 1.259176944440051
0.021170886225126924 1.240707238598223
0.021791684743233064 1.2053459590922027
0.023033281779445344 1.1403404483000485
0.02318848140897188 1.1327040983314225
0.023343681038498414 1.1251692606379862
0.023654080297551484 1.1103961295112348
0.024274878815657628 1.0819829579309368
0.02551647585186991 1.0293030331394397
0.02567167548139645 1.0230762181923427
0.025826875110922982 1.0169242147856576
0.026137274369976052 1.004839311910178
0.026758072888082192 0.9815103385617445
0.027999669924294476 0.9379547228782117
0.02815486955382101 0.9327802722685867
0.028310069183347546 0.9276625326344504
0.02862046844240062 0.9175934959545338
0.02924126696050676 0.8980964574332323
0.03048286399671904 0.861483748116798
0.030635019225591496 0.8572009689175158
0.03078717445446395 0.8529605015640117
0.03109148491220886 0.8446040175796514
0.03170010582769868 0.8283721266912365
0.03291734765867831 0.79770812421308
0.03306950288755077 0.7940337606964889
0.03322165811642322 0.7903930352046739
0.03352596857416813 0.7832106662991422
0.034134589489657946 0.7692298901286975
0.035351831320637586 0.7427116381268357
0.03550398654951004 0.7395246274522023
0.0356561417783825 0.7363647986340673
0.035960452236127406 0.7301253063999181
0.036569073151617226 0.7179576439488479
0.037786314982596866 0.6947974033200284
0.04022079864455614 0.6526793678122736
0.040385850161550024 0.6500075290506216
0.0405509016785439 0.647357421426911
0.04088100471253167 0.6421213467158055
0.04154121078050721 0.6318986235586207
0.042861622916458286 0.6123970926925139
0.04550244718836044 0.576786202181777
0.045667498705354324 0.5746971261020386
0.04583255022234821 0.572623079339008
0.04616265325633598 0.5685194288879635
0.04682285932431152 0.5604855134576688
0.04814327146026259 0.5450779345750603
0.05078409573216475 0.5166634316641342
0.050938132504116794 0.5150968553649302
0.05109216927606884 0.5135397116164782
0.05140024281997294 0.5104533825293079
0.05201638990778114 0.5043902395528294
0.05324868408339753 0.4926842716531423
0.05571327243463031 0.47082343915959557
0.05586730920658236 0.46952107190537634
0.056021345978534406 0.4682258540694283
0.05632941952243851 0.46565663201364965
0.0569455666102467 0.4606014354372656
0.058177860785863095 0.45081168753147105
0.06064244913709588 0.4324235389876956
0.06080938219716936 0.43123185008709086
0.060976315257242834 0.4300466722269486
0.06131018137738979 0.4276956368517217
0.061977913617683705 0.42306939013925515
0.06331337809827153 0.41410899520126254
0.06598430705944719 0.39727381655517424
0.06615124011952067 0.3962666460597387
0.06631817317959415 0.3952645329163846
0.0666520392997411 0.39327532664955067
0.06731977154003502 0.3893559510516337
0.06865523602062285 0.38174530679429436
0.07132616498179851 0.3673766358241151
0.07149005364121791 0.3665298295836271
0.07165394230063732 0.36568688507268216
0.07198171961947611 0.36401247569269424
0.07263727425715369 0.36070885000801534
0.07394838353250888 0.35427675993037555
0.07657060208321925 0.3420712189129685
0.07673449074263865 0.34133597354002776
0.07689837940205804 0.3406038507119064
0.07722615672089685 0.33914889313299
0.07788171135857444 0.3362755827588157
0.07919282063392963 0.3306711368965984
0.08181503918463999 0.31999903095495763
0.08196791309901755 0.3193978308839523
0.08212078701339512 0.3187988596135647
0.08242653484215023 0.3176075538401445
0.08303803049966049 0.3152511470375615
0.08426102181468098 0.31064048832704
0.08670700444472199 0.30180760495870484
0.091598969704804 0.28555025829854486
0.091764739907303 0.28502956177927385
0.09193051010980198 0.2845107325369891
0.09226205051479996 0.28347863558523556
0.09292513132479593 0.2814364097510346
0.09425129294478787 0.2774376645384904
0.09690361618477175 0.26976656237386115
0.10220826266473951 0.2556112044001026
0.10236301812219667 0.2552201136906479
0.10251777357965382 0.2548301949543412
0.10282728449456813 0.25405385220463483
0.10344630632439676 0.2525149989963296
0.10468434998405401 0.24949147493821391
0.10716043730336852 0.24365237915909166
0.11211261194199754 0.23274159370431075
0.12182211957739442 0.21390053103335596
0.1323569896525628 0.19655074297884859
0.1421869160450537 0.18264917112667314
0.15284220487731612 0.16956617711513983
0.16330265206771738 0.15834914938689199
0.17305815557544116 0.14907967644135847
0.18363902152293643 0.14010621466638953
0.19351494378775425 0.13258483794017764
0.20421622849234355 0.12522206420763668
0.21472267155507171 0.11867278223260995
0.2245241709351224 0.11308450652027363
0.23515103275494456 0.10751803372524299
0.24507295089208928 0.10272452247575112
0.25480002738737284 0.0983573111613877
0.26535246632242787 0.09394771736919959
0.2751999615748055 0.09010579913653181
0.28587281926695457 0.08620590526424242
0.2963508353172425 0.08261515892771458
0.3061239076848529 0.07945595233760705
0.3167223424922349 0.0762158925168799
0.3266158336169394 0.07334883257546299
0.33631448309978274 0.07067178375953982
0.34683849502239755 0.06790267473909395
0.3566575632623349 0.0654350334935501
0.36730199394204377 0.06287506416448051
0.37724148093907517 0.06058344898137712
0.3869861262942454 0.05842167313546664
0.3975561340891871 0.05616418623577512
0.40742119820145134 0.054132893075038324
0.4181116247534871 0.052007677491131755
0.4286072096636617 0.049992359163771254
0.43839785089115885 0.048171382973161286
0.44901385455842746 0.046256793252635646
0.4589249145430186 0.044521946127380266
0.4686411328857486 0.042867476533640765
0.4791827136682501 0.041121262083013435
0.4890193507680741 0.039535113014932226
0.4891909232529161 0.03950780452709965
0.48936249573775803 0.03948050808013555
0.48970564070744194 0.03942595126693607
0.49039193064680975 0.039316981671552245
0.4917645105255454 0.03909961628812724
0.4945096702830166 0.038667162509675175
0.4946812427678586 0.03864023424275177
0.49485281525270053 0.03861331769231683
0.49519596022238443 0.0385595197018004
0.49588225016175225 0.038452063889573604
0.49725483004048787 0.0382377107770456
0.4974264025253298 0.03821096881167078
0.4975979750101718 0.038184238408759015
0.4979411199798557 0.03813081225254327
0.4986274099192235 0.03802409827521975
0.49879898240406545 0.03799744854608234
0.4989705548889074 0.03797081030437671
0.4993136998585913 0.037917568246132065
0.49948527234343326 0.03789096441107933
0.4996568448282752 0.037864372026430775
0.4998284173131172 0.037837791082980035
0.4999999897979592 0.03781122157154089
