0.00010001020204081633 1.0007905268529567
0.00025332828848775743 0.9990243818045712
0.0004066463749346985 0.9974513780277429
0.0007132825478285807 0.9946395738092587
0.0008666006342755218 0.9933536042715545
0.001019918720722463 0.9921308482771852
0.001326554893616345 0.9898453679043643
0.0014798729800632859 0.9887719373177545
0.001633191066510227 0.9877392341624652
0.0019398272394041093 0.9857832196972786
0.0025530995851918738 0.9822384153363147
0.002706417671638815 0.9814166390146171
0.002859735758085756 0.9806170932926426
0.0031663719309796383 0.9790784761722923
0.0037796442767674024 0.9762043304884953
0.005006188968342931 0.9710238712210799
0.005159507054789871 0.9704144737164746
0.005312825141236812 0.9698121403755444
0.005619461314130695 0.968628409154429
0.006232733659918459 0.9663488407749412
0.007459278351493988 0.962091571026017
0.007612596437940929 0.961588953275818
0.00776591452438787 0.9610953415229951
0.008072550697281753 0.9601296257276959
0.008685823043069517 0.9582344134762303
0.009912367734645046 0.9545928673539683
0.010078582109213419 0.9541262488662403
0.01024479648378179 0.953666556481457
0.01057722523291853 0.952764863823556
0.011242082731192014 0.9510078847694212
0.01257179772773898 0.9476254317007835
0.01273801210230735 0.9472170007778595
0.01290422647687572 0.9468121317479113
0.013236655226012462 0.9460137145277944
0.013901512724285947 0.9444665775747823
0.015231227720832914 0.9415474864864782
0.015397442095401285 0.9411952263975861
0.015563656469969656 0.9408452702754512
0.015896085219106397 0.9401521934989692
0.01656094271737988 0.9387932295072746
0.017890657713926846 0.9361874320949112
0.02055008770702078 0.9314247465732599
0.020705287336547314 0.9311621470350705
0.02086048696607385 0.9309010503206959
0.021170886225126924 0.9303834735404563
0.021791684743233064 0.9293677035785255
0.023033281779445344 0.9274188046452329
0.02551647585186991 0.9238247132348004
0.02567167548139645 0.9236108429628401
0.025826875110922982 0.9233981475566618
0.026137274369976052 0.9229762683320896
0.026758072888082192 0.9221464746802812
0.027999669924294476 0.9205405538293396
0.03048286399671904 0.9175392139539738
0.030635019225591496 0.9173655152587288
0.03078717445446395 0.917193028839653
0.03109148491220886 0.9168514344344156
0.03170010582769868 0.9161798777688276
0.03291734765867831 0.914868886179515
0.035351831320637586 0.9124054827787033
0.03550398654951004 0.9122612206485416
0.0356561417783825 0.9121180119790799
0.035960452236127406 0.91183457913283
0.036569073151617226 0.9112783779743086
0.037786314982596866 0.9101988239133143
0.04022079864455614 0.9081325091213039
0.040385850161550024 0.9080011495818061
0.0405509016785439 0.9078715571747968
0.04088100471253167 0.9076170467279048
0.04154121078050721 0.9071221356483956
0.042861622916458286 0.9061507630389016
0.04302667443345217 0.9060290613053441
0.043191725950446055 0.9059074405312465
0.043521828984433825 0.9056647847633081
0.04418203505240936 0.9051843462567647
0.04550244718836044 0.9042642817821325
0.045667498705354324 0.9041543233204776
0.04583255022234821 0.9040454503883522
0.04616265325633598 0.9038308362756086
0.04682285932431152 0.9034132343429334
0.04814327146026259 0.9026169133647953
0.05078409573216475 0.9011218504089848
0.050938132504116794 0.9010378620440367
0.05109216927606884 0.9009542696650938
0.05140024281997294 0.9007883099758829
0.05201638990778114 0.9004615678292153
0.05324868408339753 0.8998312716633458
0.05571327243463031 0.8986791860046343
0.05586730920658236 0.8986118779636444
0.056021345978534406 0.8985450810127615
0.05632941952243851 0.8984129918003546
0.0569455666102467 0.8981546307299461
0.058177860785863095 0.8976595458431992
0.06064244913709588 0.8967440636227775
0.06080938219716936 0.8966853554776107
0.060976315257242834 0.8966270525619815
0.06131018137738979 0.8965116546141365
0.061977913617683705 0.8962856399787789
0.06331337809827153 0.8958524001335029
0.06348031115834502 0.8957999833403025
0.0636472442184185 0.8957479500977553
0.06398111033856545 0.8956450434157864
0.06464884257885936 0.8954439633034238
0.06598430705944719 0.8950616110435715
0.06615124011952067 0.8950157610331796
0.06631817317959415 0.8949703596697738
0.0666520392997411 0.8948809247061539
0.06731977154003502 0.8947076873975771
0.06865523602062285 0.8943849410129578
0.06882216908069633 0.8943468234252183
0.06898910214076981 0.894309179980495
0.06932296826091676 0.8942352876143272
0.06999070050121067 0.8940928835418158
0.07132616498179851 0.8938279862073021
0.07149005364121791 0.8937971666789255
0.07165394230063732 0.8937666923693472
0.07198171961947611 0.8937067505952115
0.07263727425715369 0.8935907581379608
0.07394838353250888 0.8933741030676202
0.07411227219192827 0.893348447603059
0.07427616085134767 0.8933231078471872
0.07460393817018647 0.8932733745234811
0.07525949280786406 0.8931776888578368
0.07657060208321925 0.8930014538886989
0.07673449074263865 0.8929808484004889
0.07689837940205804 0.8929605607699559
0.07722615672089685 0.8929209412700133
0.07788171135857444 0.8928454903643264
0.07804560001799384 0.8928274028326435
0.07820948867741323 0.8928096204662157
0.07853726599625203 0.8927749615117133
0.07919282063392963 0.892709199453315
0.07935670929334902 0.8926934858865495
0.07952059795276842 0.8926780584034802
0.07984837527160722 0.8926480524073278
0.08050392990928482 0.8925913721000145
0.08181503918463999 0.8924908363511456
0.08196791309901755 0.8924801878415529
0.08212078701339512 0.8924697574809811
0.08242653484215023 0.8924495443982491
0.08303803049966049 0.8924116617366837
0.08319090441403805 0.8924027115907932
0.08334377832841561 0.8923939690888153
0.08364952615717074 0.8923771148957613
0.08426102181468098 0.8923459878702945
0.08441389572905855 0.8923387566055665
0.08456676964343611 0.8923317501022021
0.08487251747219124 0.8923184209280941
0.0850253913865688 0.8923121031637036
0.08517826530094635 0.8923060199738948
0.08548401312970148 0.8922945677172593
0.08563688704407904 0.8922892039846543
0.08578976095845661 0.8922840854955656
0.08609550878721173 0.8922745955140254
0.0862483827015893 0.8922702297917476
0.08640125661596686 0.892266120853843
0.08670700444472199 0.8922586854804753
0.08685987835909956 0.8922553652593894
0.08701275227347711 0.8922523142519784
0.08716562618785467 0.8922495357063356
0.08731850010223224 0.8922470329274205
0.0874713740166098 0.8922448092772983
0.08762424793098736 0.8922428681754132
0.08777712184536493 0.8922412130988762
0.08792999575974249 0.8922398475826989
0.08808286967412005 0.8922387752201284
0.08823574358849762 0.8922379996628538
0.08838861750287517 0.892237524621345
0.08854149141725273 0.8922373538650847
0.0886943653316303 0.8922374912228802
0.08884723924600786 0.8922379405831239
0.08900011316038542 0.8922387058940794
0.08915298707476299 0.8922397911641975
0.08930586098914056 0.8922412004623436
0.08945873490351812 0.8922429379181495
0.08961160881789568 0.892245007722253
0.08976448273227325 0.8922474139121521
0.0899173566466508 0.8922501558939234
0.09007023056102836 0.8922532285190483
0.09022310447540594 0.8922566264134678
0.09037597838978349 0.8922603441638767
0.09052885230416105 0.8922643763175405
0.09068172621853862 0.8922687173820183
0.09098747404729374 0.8922783040738428
0.09114034796167131 0.8922835385157805
0.09129322187604887 0.8922890594972495
0.091598969704804 0.8923009382601811
0.091764739907303 0.8923078320283035
0.09193051010980198 0.8923150350658222
0.09226205051479996 0.8923303389765186
0.09292513132479593 0.8923643250568266
0.09309090152729493 0.8923734802985204
0.09325667172979392 0.8923828833330245
0.0935882121347919 0.8924024009051047
0.09425129294478787 0.8924440555017875
0.09441706314728687 0.892454966947886
0.09458283334978586 0.8924660608320606
0.09491437375478384 0.8924887620474309
0.09557745456477981 0.8925359776081278
0.09690361618477175 0.8926364185558748
0.09706938638727075 0.8926496017488689
0.09723515658976974 0.8926629506805281
0.09756669699476772 0.8926901788544991
0.09822977780476369 0.8927469944897949
0.09839554800726269 0.8927617408508677
0.09856131820976168 0.892776722119919
0.09889285861475966 0.8928074261732974
0.09955593942475563 0.8928720645188295
0.09972170962725463 0.8928889535041056
0.09988747982975361 0.8929061540799859
0.1002190202347516 0.8929415306409375
0.10088210104474757 0.8930164767714476
0.10220826266473951 0.8931853916891511
0.10236301812219667 0.8932068131950913
0.10251777357965382 0.8932285657897892
0.10282728449456813 0.89327302448442
0.10344630632439676 0.8933654728391067
0.10468434998405401 0.893562156870773
0.10716043730336852 0.8939827935914605
0.10731519276082568 0.8940094742020477
0.10746994821828283 0.8940361626561888
0.10777945913319714 0.8940896040707644
0.10839848096302578 0.8941970380354544
0.10963652462268303 0.8944165508778383
0.11211261194199754 0.8948952484223667
0.11226432299880061 0.8949271741690462
0.11241603405560369 0.8949594705401105
0.11271945616920984 0.8950251431897692
0.11332630039642215 0.8951605396477722
0.11453998885084676 0.8954453235457793
0.11696736575969598 0.8960520600133739
0.11711907681649905 0.8960908409012099
0.11727078787330214 0.8961296538469702
0.11757420998690829 0.8962073783196282
0.11818105421412059 0.8963633924836192
0.11939474266854519 0.8966791117916761
0.12182211957739442 0.8973376357781995
0.12198672692231892 0.8973841702304417
0.12215133426724342 0.8974309932051084
0.12248054895709244 0.8975255016842976
0.12313897833679047 0.8977179421671735
0.12445583709618652 0.8981163038680289
0.12708955461497862 0.8989651503451528
0.1323569896525628 0.9007912586103606
0.13251058225244544 0.9008455371072552
0.13266417485232812 0.9008999456223741
0.13297136005209348 0.9010092082920229
0.13358573045162414 0.9012299116933472
0.13481447125068552 0.9016832922378275
0.13727195284880825 0.9026532359541201
0.1421869160450537 0.9047462654166428
0.15284220487731612 0.909777001741353
0.16330265206771738 0.9154393183355446
0.17305815557544116 0.921415344937579
0.18363902152293643 0.92877622270111
0.19351494378775425 0.9363640523716878
0.20421622849234355 0.9453974048029319
0.21472267155507171 0.9552323255971606
0.2245241709351224 0.9653833182968521
0.23515103275494456 0.9773984802020991
0.24507295089208928 0.9898328908567431
0.25480002738737284 1.0029363087876317
0.26535246632242787 1.0187000379776918
0.2751999615748055 1.034739872085989
0.28587281926695457 1.0534448985132647
0.2963508353172425 1.0744113780715838
0.3061239076848529 1.0970800544031454
0.3167223424922349 1.1221782163264178
0.3168769282910584 1.122545391876373
0.31703151408988195 1.122913057065611
0.31734068568752893 1.123649954917282
0.317959028882823 1.125130719317906
0.31919571527341106 1.128125849423548
0.32166908805458716 1.1342985834410164
0.32182367385341065 1.1346944471571636
0.32197825965223414 1.135091670920873
0.3222874312498812 1.1358903194190455
0.3229057744451752 1.1375052770018235
0.32414246083576326 1.1408128557542625
0.3266158336169394 1.147797153523323
0.3267673750151089 1.1482430078109944
0.3269189164132783 1.1486909272498265
0.32722199920961714 1.1495928725937035
0.3278281648022948 1.1514205568090294
0.3290404959876503 1.1551658949199335
0.3314651583583611 1.1629723481776844
0.33631448309978274 1.1794518311028142
0.34683849502239755 1.2152663857435102
0.3469919179636466 1.2157852873014625
0.34714534090489557 1.2163048803183834
0.34745218678739365 1.2173463131915003
0.3480658785523897 1.219439390778573
0.3492932620823819 1.2236764529687203
0.35174802914236625 1.232439080082312
0.3566575632623349 1.2518199651384234
0.3568238824917053 1.2525276097728395
0.35699020172107576 1.253238357815919
0.3573228401798167 1.2546690052271066
0.3579881170972985 1.2575657715824435
0.3593186709322621 1.263491787110191
0.36197977860218933 1.2757928423536806
0.36730199394204377 1.3014419003912405
0.37724148093907517 1.3504079197420384
0.3773937410227497 1.351190062375173
0.3775460011064242 1.3519739280247054
0.3778505212737733 1.3535469822200807
0.37845956160847144 1.3567154760847626
0.3796776422778677 1.3631510174769712
0.38211380361666025 1.3764652127272077
0.3869861262942454 1.4049723971008194
0.3871512826660414 1.4059843806636159
0.3873164390378373 1.406999444036099
0.38764675178142927 1.4090388432853582
0.3883073772686131 1.4131549648149662
0.38962862824298083 1.4215383865774478
0.3922711301917162 1.4389251342291636
0.3975561340891871 1.476201216764533
0.40742119820145134 1.5542276800521782
0.4075882361163269 1.5556439940841382
0.4077552740312025 1.5570638008464288
0.4080893498609536 1.5599139803540651
0.4087575015204558 1.5656572273396785
0.4100938048394603 1.5773204118401645
0.41276641147746923 1.6013971225873183
0.4181116247534871 1.6530114656315307
0.41827561826770865 1.654680150192565
0.4184396117819301 1.6563545084843305
0.41876759881037307 1.6597204747242542
0.41942357286725895 1.6665230355917686
0.42073552098103073 1.6804241826393762
0.4233594172085744 1.7095267852228346
0.4286072096636617 1.7735803845619835
0.42876018843284136 1.7755635019457838
0.428913167202021 1.7775529290579053
0.42921912474038026 1.7815506097636613
0.42983103981709886 1.7896205285326632
0.431054869970536 1.8060521434552677
0.43350253027741026 1.8400228422916225
0.43839785089115885 1.9123163957704614
0.43856372594845994 1.9148829897468165
0.43872960100576097 1.917458261509761
0.43906135112036315 1.9226352612896807
0.4397248513495674 1.9330981153440738
0.441051851807976 1.9544845571192853
0.4437058527247931 1.9993214499614071
0.4438717277820942 2.0022244147118995
0.4440376028393953 2.005139921955007
0.44436935295399743 2.011008940326482
0.44503285318320174 2.0229016786164586
0.4463598536416103 2.047328246588118
0.44901385455842746 2.0989377846983643
0.4491687148706867 2.102070233609186
0.44932357518294597 2.1052166671937007
0.4496332958074644 2.11155190859656
0.4502527370565014 2.1243948872108076
0.45149161955457523 2.1507957132717954
0.453969384550723 2.206653557515841
0.45412424486298225 2.2102845298307643
0.4542791051752415 2.213931985229592
0.45458882579975995 2.221276315992033
0.4552082670487969 2.2361623929179038
0.4564471495468708 2.266721138799052
0.4589249145430186 2.3309431054064924
0.4590767304546237 2.335010298465379
0.4592285463662289 2.339092503761551
0.45953217818943926 2.3473017496902617
0.46013944183585986 2.363898072271794
0.4613539691287011 2.3977883564431557
0.4637830237143836 2.4683929627373233
0.4639348396259888 2.472942057851715
0.46408665553759393 2.4775084361842525
0.46439028736080423 2.4866939320991865
0.46499755100722484 2.505282282295559
0.4662120783000661 2.543382364049829
0.4686411328857486 2.623755681746129
0.4688058450854752 2.6294301295982683
0.46897055728520176 2.6351353900390633
0.4692999816846549 2.646640127784433
0.4699588304835613 2.670039318884369
0.471276528081374 2.7184932520742784
0.4739119232769994 2.8226885760859464
0.47407663547672596 2.8295515272950604
0.47424134767645254 2.8364583367547005
0.4745707720759057 2.85040537924985
0.4752296208748121 2.878846462116509
0.47654731847262477 2.938028784958219
0.4791827136682501 3.0665936294538447
0.4793364111229349 3.07455181119968
0.47949010857761964 3.082564188615168
0.47979750348698913 3.098753857923287
0.4804122933057281 3.1318096147659085
0.48164187294320615 3.2007683188506695
0.4817955703978909 3.209668086143629
0.48194926785257564 3.2186323989355734
0.4822566627619451 3.2367575941414475
0.48287145258068415 3.27381542033548
0.48410103221816214 3.351340043939529
0.4842547296728469 3.361366737943202
0.4844084271275316 3.371471105684211
0.4847158220369011 3.391916611139591
0.48533061185564014 3.433781794067568
0.48656019149311813 3.5216390988528445
0.4890193507680741 3.715464897488688
0.4891909232529161 3.7299453795857427
0.48936249573775803 3.7445559931815984
0.48970564070744194 3.774171541992357
0.49039193064680975 3.8350076028456543
0.4917645105255454 3.9633230717797914
0.4919360830103873 3.980004884432711
0.4921076554952293 3.996832796890489
0.4924508004649132 4.030930929236708
0.493137090404281 4.1009243483123985
0.4945096702830166 4.24832184622915
0.4946812427678586 4.267465363144279
0.49485281525270053 4.286776742582741
0.49519596022238443 4.32591643873721
0.49588225016175225 4.40636190992343
0.49725483004048787 4.576784429272011
0.4974264025253298 4.599064060579361
0.4975979750101718 4.621576349981779
0.4979411199798557 4.66731915309805
0.4986274099192235 4.7618273865343514
0.49879898240406545 4.786117115955981
0.4989705548889074 4.81068385489519
0.4993136998585913 4.860673615009105
0.49948527234343326 4.886109718415467
0.4996568448282752 4.911849008556133
0.4998284173131172 4.937898511110184
0.4999999897979592 4.964265458037595
