20.00000392481894 0.005983884005602605
20.05907386886356 0.00600348821375514
20.118318275788408 0.006022906116604044
20.23733254090279 0.006061185772289139
20.47747740003459 0.006135539842079546
20.96634991899 0.006275581770336711
21.02827396266469 0.006292288010299948
21.090380898793246 0.006308818991263439
21.21514561069627 0.00634135792792807
21.466893618683198 0.006404362937755086
21.979387133020854 0.006522234977686843
22.044303178685794 0.006536219365706236
22.109410953672356 0.006550039441455752
22.24020395837046 0.006577189370939339
22.504115747923294 0.006629547303276085
23.041371560132504 0.00672664647558342
23.1094241732162 0.0067380828907859505
23.17767777946281 0.006749365758276297
23.314790347728533 0.006771473509759916
23.59145363981144 0.0068138756402026735
24.154668197025167 0.00689157402695372
24.232019322775624 0.006901388375546434
24.30961815205925 0.006911034683323221
24.465562096676198 0.006929826475818342
24.780457500966072 0.006965429771795406
24.859812608172522 0.006973922808320886
24.93942183631438 0.006982254359401718
25.099405913122737 0.006998436250432494
25.422459499270357 0.007028897805361759
25.50387050626802 0.007036121587822769
25.585542217862745 0.007043190328873903
25.749671096961517 0.007056865874225773
26.08109422381912 0.007082391425680412
26.164614394022273 0.00708839709745495
26.248402023051 0.007094254053879696
26.416783086289513 0.007105524947425305
26.756792588508358 0.007126316435213599
26.842476565258142 0.007131154175568563
26.9284349300478 0.007135849403036712
27.10117834128055 0.007144815382794256
27.187965153534115 0.007149087661781705
27.275029885466516 0.0071532204812625386
27.44999667117574 0.007161070772743031
27.53790051349071 0.007164789755142682
27.62608585257912 0.007168372298821435
27.803304629740893 0.007175131068139087
27.89233987937262 0.007178308787651243
27.981660248913016 0.007181353056176193
28.161160002831476 0.007187044205046719
28.25134122208441 0.00718969256253371
28.341811231014514 0.007192210423304909
28.432570954420523 0.007194598520655883
28.5236213200627 0.007196857585762505
28.614963258672258 0.007198988347675831
28.70659770396093 0.007200991533317067
28.89074786438243 0.007204618072790745
28.983265461927314 0.007206242869774301
29.0760793309947 0.007207742976779226
29.16919042034261 0.007209119110009015
29.26259968176732 0.007210371983510852
29.356308070113073 0.007211502309171888
29.450316543281843 0.007212510796715383
29.544626062243097 0.007213398153697144
29.639237591043674 0.007214165085502197
29.72785288034396 0.007214773095857018
29.81673311132749 0.007215277296807421
29.905879076116012 0.0072156782574513065
29.995291569199512 0.007215976545227314
30.084971387443364 0.007216172725912825
30.1749193300954 0.007216267363622096
30.265136198793034 0.007216261020804463
30.35562279757043 0.007216154258242637
30.446379932865636 0.0072159476350510355
30.537408413527793 0.007215641708674305
30.628709050824334 0.007215237034885795
30.720282658448212 0.007214734167786196
30.812130052525163 0.007214133659802295
30.904252051620976 0.007213436061685632
30.99664947674877 0.007212641922511489
31.089323151376345 0.007211751789677756
31.182273901433486 0.007210766208903888
31.275502555319353 0.0072096857242301615
31.36900994390984 0.007208510878016608
31.462796900565 0.00720724221094244
31.556864261136457 0.00720588026200528
31.651212863974862 0.007204425568520477
31.840757162395114 0.007201240088755233
31.93595454724075 0.007199510368689881
32.031436552895975 0.007197690036506306
32.2232578330126 0.007193779649689671
32.61035345601381 0.007184894689256048
32.70785177717719 0.0071824547870337875
32.80564159848155 0.007179928456702807
33.002099230223294 0.007174618571714002
33.39855101756502 0.007162984230145561
33.49840588905221 0.007159867240563863
33.59855930628632 0.007156667899113311
33.79976535102813 0.007150024166775048
34.2057994427284 0.007135770453522963
34.30806782274506 0.007132008609933403
34.41064196440804 0.0071281683831916996
34.616711192066546 0.007120254732781146
35.03255919398452 0.007103508218397662
35.87930186326718 0.007066445528663525
35.98446634706754 0.007061585190540038
36.0899390745649 0.007056656826538338
36.30181287722529 0.007046597760801994
36.729299337963184 0.00702568237255312
37.599433651155735 0.006980758049571623
37.70963994909816 0.006974860690789821
37.820169268611025 0.0069689020901386855
38.04220076230916 0.006956802806602596
38.49018185398523 0.006931887330785056
39.40203229915713 0.006879278860171158
39.51752212678023 0.006872450145964493
39.63335046233059 0.006865566591559195
39.86602662887319 0.006851636511158162
40.335484908681345 0.006823135225696867
41.291051447954466 0.006763653036557097
43.270634284366444 0.006635430037630487
43.40822999790453 0.006626317750290809
43.546263250219155 0.006617154728297694
43.82364794089709 0.006598678225673586
44.38372930302915 0.006561135497428351
45.525457609395254 0.006483786467962796
47.89777928662483 0.00632077187618348
53.019728010299005 0.005966994470521475
64.09036331227023 0.0052407885009357535
78.71235898161419 0.004414071449483691
96.30868310620944 0.003613777311088491
116.25160689117888 0.0029086743788959576
142.56976755630788 0.002210649610805647
172.4911915750322 0.0016325267201387765
207.91160193261646 0.001139031097560079
208.57095525870326 0.0011312946284250136
209.23239960234068 0.0011235790628674669
210.56158788840463 0.0011082106079273928
213.24534986006012 0.0010777241481952032
218.7159293384567 0.0010177508069746928
230.0817140636938 0.0009017817995914198
254.61587835605383 0.0006855471903000405
255.36923393886465 0.0006795519231221334
256.12481854461737 0.0006735740285594453
257.6427012253277 0.0006616702907183548
260.70550636224795 0.000638070548075637
266.9407795241695 0.0005916981277283202
279.8622781621077 0.0005022292252984721
307.6119810114849 0.000336116404822311
308.5986844217184 0.00033078288828949877
309.58855280496954 0.0003254683061571448
311.5778251312551 0.000314895831583118
315.59479833751476 0.0002939768415326725
323.7847772059895 0.0002530362265421903
340.8078632230457 0.00017469157601203924
341.90104652419944 0.00016994947268254666
342.9977363457681 0.00016522535520408906
345.2016805766165 0.00015583095427842205
349.65214460128846 0.00013725662031002954
358.72594331624344 0.00010095882619363757
377.58607207929845 0.000031709985541148884
378.77504414326154 0.00002760414842984819
379.96776013390337 0.00002351466669900214
382.3644710890044 0.000015384646072674
387.2033413363552 -6.80489120221016e-7
397.06556631292057 -0.00003203808800728541
417.54999882063737 -0.00009171866094353319
418.86481237075503 -0.00009531658231766573
420.1837661069018 -0.00009889915079878241
422.83414632607884 -0.00010601835619325247
428.1851653796897 -0.00012007393162893864
439.09121391229786 -0.0001474608841457096
461.743730522186 -0.00019939535051892638
463.0995756936043 -0.00020230784686708423
464.4594021126437 -0.00020520787917155376
467.1910454893966 -0.0002109706561183524
472.702623896239 -0.00022234779087061725
483.9216125050405 -0.0002445142384275663
507.1647140387684 -0.0002865426991743233
508.65393150549085 -0.0002890693104617385
510.1475218487198 -0.0002915842941017391
513.1478725637367 -0.00029657948287541424
519.2016160188937 -0.0003064314771700078
531.5241983810891 -0.0003255877740645354
557.0536861976233 -0.00036175623320562655
558.8280046166167 -0.00036410655855881053
560.6079745660275 -0.00036644418678032027
564.1849411180953 -0.0003710814836695258
571.4074884902653 -0.0003802051611472095
586.1311503590325 -0.00039785621075894543
616.7264196135719 -0.0004308316946711103
618.6908066608406 -0.0004327919664053764
620.6614506420578 -0.00043474058588348325
624.621589187755 -0.0004386029971192007
632.6178306483091 -0.00044618941055199
648.9187213755711 -0.00046081579293951017
682.7914186253863 -0.0004879399236252503
684.8211239079684 -0.0004894367029542895
686.856862809928 -0.0004909242162520745
690.946513268841 -0.0004938715465583495
699.199010379329 -0.0004996561331995446
716.000879301702 -0.0005107906780246741
750.825574511328 -0.0005313662288990737
753.0575220626775 -0.0005325789898667249
755.296104430476 -0.0005337832860325648
759.7932525662064 -0.0005361665822065575
768.8680383867569 -0.000540832675982454
787.344065680571 -0.0005497683322831484
825.6387352893225 -0.0005660968084157176
828.2985239976379 -0.000567130104014458
830.9668811944093 -0.000568154368285005
836.3294115555201 -0.0005701759226914142
847.1585146592004 -0.0005741119713589832
869.2391941956206 -0.0005815624805946392
872.0394414402413 -0.0005824548460928119
874.8487096593915 -0.0005833386543143036
880.4944253588963 -0.0005850807158044324
891.8953934256441 -0.0005884634344535452
915.1421129255529 -0.0005948297380907056
918.0902360627385 -0.0005955886681694913
921.0478565554808 -0.0005963395029249563
926.9917120888271 -0.0005978170002596891
938.9947442526679 -0.0006006761000338272
963.4690801360379 -0.0006060170290455164
966.5728882189496 -0.0006066498216581148
969.6866951952501 -0.0006072749683954258
975.9444347772129 -0.0006085024348632022
988.5813249327412 -0.0006108668312873332
1014.3481053567231 -0.0006152396077742829
1017.5562295338019 -0.0006157440687044808
1020.77450018888 -0.0006162415800311352
1027.241609397413 -0.000617215855492387
1040.29900436033 -0.0006190821263073473
1043.5892046078127 -0.0006195316994025643
1046.8898109189593 -0.0006199745248906508
1053.5223734832284 -0.000620840033134544
1066.9138264841536 -0.0006224911766274807
1070.2882026214254 -0.0006228874671351699
1073.6732510492168 -0.0006232772089639545
1080.4754998980382 -0.0006240371451333412
1094.2095574175733 -0.0006254795146520031
1122.2036174087807 -0.0006280596987676781
1125.7528610437823 -0.0006283541412029981
1129.31333003057 -0.0006286424235308512
1136.4680861834795 -0.0006292006033047578
1150.9138723824565 -0.0006302440886754029
1154.5539192265585 -0.0006304899159423545
1158.2054786098217 -0.0006307297727129751
1165.5432807538848 -0.0006311916686415368
1180.3586453418761 -0.000632044844439114
1184.0918184880047 -0.0006322435624690187
1187.8367987080208 -0.0006324364964810793
1195.362329858865 -0.0006328051047589412
1199.1429558299064 -0.0006329808250556292
1202.9355389560096 -0.0006331508533962039
1210.5567280627265 -0.0006334739257304254
1214.385410037399 -0.0006336270153618807
1218.2262011560076 -0.0006337745043128418
1225.9442641386881 -0.0006340527709080823
1229.8216129627885 -0.0006341835937968008
1233.7112248516491 -0.0006343089064938757
1241.527393086095 -0.0006345430912608361
1245.190176411613 -0.0006346448701515327
1248.863765766674 -0.0006347419302361179
1256.2434901802944 -0.0006349219663962409
1259.9496892816965 -0.000635004978583222
1263.666822498886 -0.0006350833441869584
1271.134020408141 -0.0006352262074574288
1274.8841499021628 -0.0006352907409372923
1278.6453431164514 -0.0006353506994602025
1282.4176326914524 -0.0006354061008394855
1286.2010513639111 -0.0006354569628512213
1289.9956319671544 -0.0006355033032341749
1293.80140743137 -0.0006355451396898475
1297.6184107839022 -0.0006355824898824534
1301.4466751495318 -0.0006356153714389139
1305.2862337507622 -0.0006356438019489025
1309.1371199081148 -0.000635667798964794
1312.9993670404126 -0.0006356873800016935
1316.8730086650694 -0.0006357025625374828
1320.7580783983856 -0.0006357133640127198
1324.6546099558373 -0.0006357198018307695
1328.5626371523656 -0.0006357218933576987
1332.4821939026765 -0.0006357196559223499
1336.413314221532 -0.0006357131068163277
1340.3560322240417 -0.0006357022632939969
1344.3103821259658 -0.0006356871425725075
1348.2763982440092 -0.0006356677618317734
1352.2541149961144 -0.0006356441382145194
1356.2435669017689 -0.0006356162888262536
1360.2447885822994 -0.0006355842307352747
1364.257814761171 -0.0006355479809727125
1368.282680264293 -0.0006355075565325335
1372.31942002032 -0.000635462974371491
1376.3680690609497 -0.0006354142514092112
1380.4286625212349 -0.0006353614045281743
1384.5012356398847 -0.0006353044505736845
1388.585823759567 -0.0006352434063539657
1396.7911868943638 -0.0006351091141660038
1400.9120331173926 -0.0006350358996286188
1405.045036757903 -0.000634958661687721
1413.347659865583 -0.0006347921820491862
1417.5173513847092 -0.0006347029734858345
1421.69934442586 -0.0006346098077875559
1430.100380350259 -0.0006344116708474277
1434.3194961395154 -0.0006343067324437056
1438.5510592634387 -0.0006341979025813228
1447.0516745133084 -0.0006339686337501383
1464.203896092187 -0.000633464114480768
1468.5236248759654 -0.0006333284994853374
1472.8560978252367 -0.000633189122610612
1481.5594267237225 -0.0006328991473124373
1499.1206762748075 -0.000632274757084762
1503.9164416455862 -0.0006320954112903246
1508.7275489203596 -0.0006319117944916501
1518.3959856571064 -0.0006315318280365878
1537.9191320265559 -0.0006307215219456508
1542.8390156844603 -0.0006305085667223148
1547.774638307245 -0.0006302914994893839
1557.6933020076083 -0.0006298451075324256
1577.7217231975162 -0.0006289038405973585
1582.7689374242173 -0.0006286585365937566
1587.832297952941 -0.0006284092763474007
1598.00766469315 -0.0006278989640553232
1618.55443762459 -0.0006268317079719155
1660.4439357309216 -0.0006245149134263395
1665.7557826376585 -0.0006242085909131941
1671.0846224201896 -0.0006238986140808023
1681.7934982309243 -0.0006232677711989825
1703.4175679329683 -0.0006219630419840409
1747.5033924980903 -0.0006191854756806291
1839.1275014341718 -0.0006129897804528709
1844.6200985747355 -0.0006126030083987592
1850.1290994846545 -0.0006122135432004496
1861.1965087198266 -0.0006114265883299717
1883.5303378202811 -0.0006098209633674585
1929.0052107441477 -0.0006064858834959815
2023.2752216343617 -0.0005993441675809238
2225.86124088042 -0.0005833569883638887
2232.378094472262 -0.0005828345643043826
2238.9140280408574 -0.000582310328405086
2252.0433587205093 -0.0005812564644124982
2278.53344872077 -0.0005791274691914472
2332.452078138449 -0.0005747867961812537
2444.147279666226 -0.0005657933994396608
2683.8402210269433 -0.000546701376094287
3287.836282896561 -0.0005014598700023607
3973.5136970435165 -0.0004564145771177882
4879.038012858134 -0.0004065753440109413
5968.511164496884 -0.0003582159659155399
7202.9238486883805 -0.0003146860357970732
8831.746457255207 -0.00027002621785265034
10683.052586004824 -0.00023124110351408118
12874.087633717696 -0.00019623609843559246
15762.769055894589 -0.00016179076368875726
19039.67663473225 -0.00013300338446312198
23365.84978698108 -0.00010537799586089348
28288.80464397269 -0.00008280845229532093
34120.85727906638 -0.0000635311648694798
41813.85689526886 -0.00004558187176029584
41938.0183226151 -0.00004534163185149902
42062.548433005315 -0.000045101990260028336
42312.7190852157 -0.00004462449857353515
42817.532974025955 -0.00004367665697717148
43845.30072348429 -0.00004180934693599053
45975.43824641271 -0.00003818666392878786
50551.20667878101 -0.00003137655850258532
50713.89149140115 -0.00003115584083026014
50877.09985924363 -0.000030935760254642634
51205.09400567818 -0.000030497505948878672
51867.439461755006 -0.00002962859361185327
53217.943805247414 -0.000027920905278876605
56025.359807034496 -0.000024624086244827998
62092.30496618823 -0.000018488835037519447
62288.48380330351 -0.000018309975352331148
62485.28246176616 -0.00001813166171223592
62880.747082151385 -0.00001777666844196332
63679.200760264954 -0.00001707318909275832
65306.652920587425 -0.00001569202882868128
68687.39883327753 -0.000013031067126845875
75982.98631450153 -8.100037125811379e-6
76206.90440973385 -7.963858757470823e-6
76431.48238049638 -7.828099258265207e-6
76882.62573282441 -7.557833659275087e-6
77792.91689204703 -7.0222936380893184e-6
79645.96039334609 -5.970999467859652e-6
83485.51846491189 -3.9461326661592624e-6
91728.84788321287 -1.9605581834430158e-7
92021.99294959677 -7.575825748680058e-8
92316.074842638 4.410567172550391e-8
92907.0610938219 2.8253649623791163e-7
94100.40789001157 7.542369773003327e-7
96533.28227059364 1.6772081097389879e-6
101589.35603114123 3.443135195077171e-6
101914.01309601094 3.550030094218397e-6
102239.70769290063 3.6565217203189486e-6
102894.22275622585 3.8682988738230055e-6
104215.84987075238 4.287054765370275e-6
106910.24915005725 5.105579760805051e-6
112509.83193380634 6.668322071513686e-6
112845.47690124057 6.7565080381534495e-6
113182.12318155765 6.844367910501139e-6
113858.4316384189 7.019112278909906e-6
115223.19634063209 7.364719806171859e-6
118001.99810771056 8.040571623695917e-6
123762.26431130394 9.332102826867599e-6
124131.47809876024 9.410209786428136e-6
124501.79334328511 9.488013458414768e-6
125245.74135703093 9.64271372863573e-6
126747.00010833207 9.948505444522876e-6
129803.71784450485 0.000010545808556011172
136140.08486362896 0.000011684520698711772
136538.22881246856 0.00001175191504781521
136937.53713992736 0.000011819038906892207
137739.6605616393 0.000011952477669130675
139358.03044812242 0.000012216136920252562
142652.03866909185 0.000012730721992329754
149475.47709282127 0.000013710063879439501
149912.62061865404 0.000013769110051754876
150351.0425780191 0.000013827905417733577
151231.73676348093 0.000013944746131879574
153008.6315783848 0.000014175444248135448
156625.29929877192 0.00001462504056052476
164117.11711879217 0.00001547808820549009
164637.9163707386 0.000015533750290428506
165160.36829527386 0.000015589139308709783
166210.25115671527 0.000015699101066218427
168330.08082625578 0.000015915779842472664
172651.1932967001 0.00001633632042751372
181629.0407124224 0.000017127413118205877
182205.4112348604 0.00001717469332069634
182783.6107763684 0.000017221723224448435
183945.52015140327 0.000017315034899501908
186291.54374791592 0.000017498684998387474
191073.73543270645 0.000017854245393600465
201009.55347781535 0.00001851961621531213
201604.70568418026 0.00001855658216503917
202201.62002643643 0.00001859334886967865
203400.75600350922 0.000018666286663354354
205820.40418971964 0.000018809794574538112
210746.3951234279 0.000019087457214603162
220954.88641748508 0.000019606297703439718
221609.0930752443 0.000019637146234735687
222265.236718232 0.000019667812033543194
223583.3579170953 0.000019728597437194373
226243.09762052927 0.00001984799744185925
231657.8739255335 0.00002007822527391563
242879.31089380747 0.000020505268480160034
243682.20364776574 0.00002053343882066655
244487.75054617168 0.000020561400950240377
246106.84190083883 0.000020616703203723445
249377.26234280446 0.00002072483800232529
256049.058870981 0.000020931374135564736
256895.48721956616 0.00002095629119553854
257744.7136293996 0.00002098101039563365
259451.5976618977 0.00002102985775639162
262899.3514997852 0.00002112520602717176
269932.91568329575 0.000021306657293415743
270825.24027553614 0.000021328484092669674
271720.51464948815 0.000021350123037687725
273519.95177945436 0.000021392839819716937
277154.6546372701 0.000021476046060278867
284569.6027572596 0.00002163368500579895
285510.31224465795 0.00002165257907690697
286454.1314610334 0.000021671294959315378
288351.14023436164 0.00002170819452840357
292182.9291281722 0.00002177988140343066
293148.8061959394 0.00002179736649379107
294117.87618983915 0.000021814678102367563
296065.6372107016 0.000021848783202976054
297044.34945234016 0.00002186557785613513
298026.2970496956 0.000021882201349827184
299011.49069797207 0.00002189865426141939
299999.9411277274 0.000021914937166933044
