5.616626014901934 -0.0038789183419873172 0.00007501519846004542 0.00044295763468409847
6.177954492298439 -0.0032525071840782205 0.00007807627104312809 0.0003455925286505397
7.070065822446456 -0.0025805523228026594 0.00006614637178258534 0.0001770943870163384
8.022319489458384 -0.0019998295926657245 0.0000422496591702229 0.000014533123956750481
9.743058571953624 -0.0014670372856920204 0.000019921613890445725 -0.00020701034954541468
11.63085970129306 -0.001166861956124315 0.0000165598369557191 -0.0003605584211867415
14.116742958334726 -0.0009218088877313148 0.000016147024493695425 -0.0004717759965609201
18.79448026997227 -0.0007478406296446405 0.000015046285255836406 -0.0005422754934059348
24.1404657689866 -0.0006374206399403383 0.00001657584688635848 -0.0005359600519109859
30.154699455377727 -0.0005414888192248603 0.00001596711933944254 -0.0004958060171304685
33.41240936883958 -0.0004883002275968872 0.000017667147477733922 -0.0004701087197446693
36.83718132914564 -0.0004736876657115391 0.000016657709926637577 -0.0004427971728323455
44.18791139029035 -0.00036886779748030184 0.000013656939627896142 -0.00038697850977323015
65.48832236292559 -0.0002512157796729974 8.584823818809563e-6 -0.0002596951399242267
85.53576798422934 -0.00017878112954920094 5.51368515604582e-6 -0.00017820684489712826
120.61879782151091 -0.0000752403554829557 4.787533916328949e-6 -0.0000870511013823441
176.7516455611614 -9.286739027085166e-6 3.5545302080584435e-6 -7.611792400240839e-6
261.95328945170235 0.00004890321807733775 5.031215061990494e-6 0.000050147099798757514
386.2474523037856 0.00009727133689385316 5.615200441658339e-6 0.00008618658571057836
646.8642453807344 0.00010367131961054813 4.012812355443498e-6 0.00010896175546833135
974.3058571953624 0.00011170813020886952 4.345574415425423e-6 0.00011258368655904742
2706.405158876006 0.00009359667511287469 2.9329878963268843e-6 0.00009293591564339401
213839.41996057334 0.000010948118370689465 1.280470469827399e-7 8.82990963083928e-6
