4.000046242908216 8.079498941927309 0.03517530619522436 -0.0001722051477716906
4.000462441110628 2.68937635389863 0.009902811960012933 -0.0005445322923267972
4.001156152895185 1.7642751150439602 0.0039914881665251796 -0.0008609066925048113
4.0023124728524175 1.3010646792497336 0.0030204899670395226 -0.0012173298416978458
4.004625613953022 0.9583328710674406 0.00253711824735141 -0.0017210632950836549
4.006939423301814 0.8043046980157496 0.001961122182065222 -0.0021072447901555225
4.009253900898793 0.7114921266053875 0.0016247536650370667 -0.0024325166308470122
4.01156904674396 0.6477788116993204 0.0012484937986546685 -0.0027188248710057934
4.013884860837315 0.6036187036287681 0.0019535373500420648 -0.0029774276604802273
4.037079755421163 0.4071835551907304 0.0013555254272431436 -0.004846881633645462
4.06034147482375 0.3374557315216748 0.0010860300321052564 -0.006157795789707616
4.083670019045074 0.3001268941297145 0.0009247888329430721 -0.0072198633541761936
4.102380968291623 0.2773538207989015 0.0007681082505773521 -0.007957703679279234
4.116442246650406 0.2649663799778828 0.0007297707178699106 -0.008462932266724872
4.163486919041732 0.232596491090555 0.0007275828515489212 -0.00992974597596678
4.258378161649237 0.199120084863743 0.0006186636925905324 -0.012212748535082666
4.378495773330215 0.1730054982989713 0.003541761362261743 -0.014328682352133255
4.723712786929065 0.13072045746140643 0.0025440102493258124 -0.017843339430264903
5.082027465000501 0.10618967720684316 0.0019166952155803788 -0.01926862789078231
5.616626014901934 0.07747005277138735 0.00044113318833927844 -0.019254096852651194
6.177954492298439 0.05990323973350795 0.00048664100929073805 -0.017881757538249752
7.070065822446456 0.039517599296063285 0.00040886066423933854 -0.014684860672672967
8.022319489458384 0.027738963042730064 0.00025822404857777373 -0.011124748602440086
9.743058571953624 0.016386527053775024 0.00013581238726396706 -0.005692902870133917
11.63085970129306 0.011598807871819616 0.00013119781934492898 -0.0014352778038196005
14.116742958334726 0.008979103184285442 0.00011302820023936968 0.002169712854782185
18.79448026997227 0.00823942528938522 0.00010150524609987046 0.005526022520680904
24.1404657689866 0.007915883531479024 0.00011349671962687454 0.00688975023632608
30.154699455377727 0.00747219328682892 0.00011831555215393172 0.007216254925398973
33.41240936883958 0.007515156189036234 0.00011349105987283271 0.007162556027950003
36.83718132914564 0.007282432427864797 0.00011600638114024416 0.0070202785549825794
44.18791139029035 0.006577276073583568 0.00010373508383157136 0.0065742952286176465
65.48832236292559 0.005207946667146412 0.00007292116303285484 0.005154887072373815
85.53576798422934 0.00402403109591142 0.0000562201251126879 0.00408058196274103
120.61879782151091 0.0027630376493076934 0.0000470633043347352 0.002776948554380389
176.7516455611614 0.0015498341529732048 0.00004488054435608172 0.001563902197092516
261.95328945170235 0.0006699102989776531 0.00005015357239205889 0.0006286137941491719
386.2474523037856 -2.7112702426050628e-9 0.00006108438926345928 2.4566556162544975e-6
646.8642453807344 -0.00043750318844285995 0.00005209688024431578 -0.0004590320643815866
974.3058571953624 -0.0006396000234148128 0.0000515064948968157 -0.0006081847154019373
2706.405158876006 -0.0005287309036263807 0.00004388868638510864 -0.0005449289479693502
213839.41996057334 0.000019240397012425013 0.0000561412345932024 0.00001925238968633956
