0.0012605471477707838 21.
0.001326554893616345 19.89259695224622
0.0014798729800632859 17.85275920234459
0.001633191066510227 16.19540476174195
0.0017865091529571681 14.822098210879997
0.0019398272394041093 13.665518182012173
0.0020931453258510504 12.67806354487605
0.0022464634122979915 11.825124896298968
0.0023997814987449326 11.080935062721613
0.0025530995851918738 10.425914564744597
0.002706417671638815 9.844919259698703
0.002859735758085756 9.32605161079173
0.003013053844532697 8.859834839890357
0.0031663719309796383 8.438626977246432
0.0033196900174265794 8.056197258950842
0.0034730081038735205 7.707414708632984
0.0036263261903204617 7.388015705589173
0.0037796442767674024 7.094428113797766
0.003932962363214343 6.823636539310606
0.004086280449661284 6.5730779154277155
0.004239598536108225 6.340559739363972
0.0043929166225551665 6.124195427251245
0.004546234709002108 5.922352746944732
0.004699552795449049 5.733612342540879
0.005006188968342931 5.390629803159665
0.005159507054789871 5.234340393514225
0.005312825141236812 5.087017516400499
0.005619461314130695 4.8163404883980965
0.005772779400577636 4.691715369047272
0.005926097487024577 4.573494729306088
0.006232733659918459 4.354379976219432
0.0063860517463654 4.252655574595836
0.006539369832812341 4.155664468116503
0.006846006005706224 3.974612917168767
0.006999324092153165 3.8899873086036036
0.007152642178600106 3.8089587156753755
0.007459278351493988 3.656807652410241
0.007612596437940929 3.5852872364487576
0.00776591452438787 3.5165644314342965
0.008072550697281753 3.3868759318084076
0.008225868783728694 3.3256219702117513
0.008379186870175635 3.2665869209173244
0.008685823043069517 3.15470514468818
0.008839141129516458 3.101644501998175
0.0089924592159634 3.0503735571345456
0.009299095388857282 2.9528480417985015
0.009912367734645046 2.7756986705567286
0.010078582109213419 2.7313562213880163
0.01024479648378179 2.6884351607429995
0.01057722523291853 2.606590510831585
0.011242082731192014 2.4572447795898547
0.011408297105760384 2.4225935327951356
0.011574511480328755 2.388924375555416
0.011906940229465496 2.324368874976791
0.01257179772773898 2.2053657789638117
0.01273801210230735 2.1775298391080966
0.01290422647687572 2.15040108933251
0.013236655226012462 2.098159452170274
0.013901512724285947 2.001070299985507
0.01406772709885432 1.9782121604724998
0.01423394147342269 1.9558804143611028
0.014566370222559431 1.9127247187497909
0.015231227720832914 1.831988313254676
0.015397442095401285 1.812878804102214
0.015563656469969656 1.7941718846035863
0.015896085219106397 1.757915858435025
0.01656094271737988 1.6897133021139576
0.01672715709194825 1.6734987413565925
0.01689337146651662 1.657599101831291
0.017225800215653363 1.6267085573101208
0.017890657713926846 1.5683287989007066
0.018056872088495216 1.5543973539168499
0.018223086463063587 1.5407169560387932
0.01855551521220033 1.5140826341982556
0.01922037271047381 1.4635459679977816
0.02055008770702078 1.372175599893846
0.020705287336547314 1.3622675445493257
0.02086048696607385 1.3525052598786333
0.021170886225126924 1.3334052519761994
0.021791684743233064 1.2968191668209321
0.023033281779445344 1.2294941764790712
0.02318848140897188 1.221578867911543
0.023343681038498414 1.21376728760172
0.023654080297551484 1.1984470365801636
0.024274878815657628 1.168963037900418
0.02551647585186991 1.1142176407962137
0.02567167548139645 1.107738167037872
0.025826875110922982 1.1013344405918875
0.026137274369976052 1.088748557993203
0.026758072888082192 1.0644271309771027
0.027999669924294476 1.0189277837219681
0.03048286399671904 0.9387596453828504
0.030635019225591496 0.9342595711612057
0.03078717445446395 0.9298029604844477
0.03109148491220886 0.9210177013145432
0.03170010582769868 0.9039427047765716
0.03291734765867831 0.8716535336652971
0.03306950288755077 0.8677820379059832
0.03322165811642322 0.8639455675420338
0.03352596857416813 0.8563759334866012
0.034134589489657946 0.8416379640474532
0.035351831320637586 0.8136741504539106
0.03550398654951004 0.8103125592837952
0.0356561417783825 0.8069794437981981
0.035960452236127406 0.8003971793527004
0.036569073151617226 0.7875586031299019
0.037786314982596866 0.7631102929199597
0.04022079864455614 0.7185901260793809
0.040385850161550024 0.7157619264859524
0.0405509016785439 0.7129560973435858
0.04088100471253167 0.7074103581737998
0.04154121078050721 0.6965744255775086
0.042861622916458286 0.6758652365580283
0.04550244718836044 0.637904951276271
0.045667498705354324 0.6356717193005468
0.04583255022234821 0.633453809333274
0.04616265325633598 0.6290632940534169
0.04682285932431152 0.6204589761803916
0.04814327146026259 0.6039228955578044
0.05078409573216475 0.5733128391069534
0.050938132504116794 0.5716220784588669
0.05109216927606884 0.5699413011113336
0.05140024281997294 0.5666094365733463
0.05201638990778114 0.560062712741887
0.05324868408339753 0.5474241489285805
0.05571327243463031 0.5238541565401852
0.05586730920658236 0.5224504971345746
0.056021345978534406 0.5210544304329244
0.05632941952243851 0.5182846970593407
0.0569455666102467 0.5128322076264392
0.058177860785863095 0.5022544860719389
0.06064244913709588 0.4822663501207702
0.06080938219716936 0.4809655238270901
0.060976315257242834 0.47967130562774984
0.06131018137738979 0.47710262816570304
0.061977913617683705 0.47204389465928126
0.06331337809827153 0.4622382289381012
0.06598430705944719 0.443821976095628
0.06615124011952067 0.4427192558184276
0.06631817317959415 0.44162176663230385
0.0666520392997411 0.4394421851608616
0.06731977154003502 0.4351425453955594
0.06865523602062285 0.4267664610524473
0.07132616498179851 0.4109019312001457
0.07149005364121791 0.4099685915678719
0.07165394230063732 0.4090400455820569
0.07198171961947611 0.40719744711588807
0.07263727425715369 0.4035699356800507
0.07394838353250888 0.39652976459013206
0.07657060208321925 0.3831720014643574
0.08181503918463999 0.35859205559804674
0.08196791309901755 0.35791719548647777
0.08212078701339512 0.35724484299085446
0.08242653484215023 0.35590771794818826
0.08303803049966049 0.3532641982957196
0.08426102181468098 0.34810040108194373
0.08670700444472199 0.33822750339364593
0.091598969704804 0.31997856703563204
0.091764739907303 0.3193905334038963
0.09193051010980198 0.31880449154857915
0.09226205051479996 0.31763841746026683
0.09292513132479593 0.31533055573850577
0.09425129294478787 0.3108140797477814
0.09690361618477175 0.3021942577177159
0.10220826266473951 0.28624696407476474
0.10236301812219667 0.2857969582531787
0.10251777357965382 0.2853476822921075
0.10282728449456813 0.2844514730566478
0.10344630632439676 0.2826695064354788
0.10468434998405401 0.27915617083042293
0.10716043730336852 0.2724044986516161
0.11211261194199754 0.26011392915659504
0.12182211957739442 0.23848164777152192
0.1323569896525628 0.21810984106664516
0.1421869160450537 0.2019198607152478
0.15284220487731612 0.1862270573486418
0.16330265206771738 0.17296923492368488
0.17305815557544116 0.1618225635374718
0.18363902152293643 0.15090518568703
0.19351494378775425 0.14163595504143472
0.20421622849234355 0.13253350470262518
0.21472267155507171 0.12422570572001954
0.2245241709351224 0.11704130504648486
0.23515103275494456 0.11006766093698155
0.24507295089208928 0.10381781945866668
0.25480002738737284 0.09800164867078177
0.26535246632242787 0.0922187321068794
0.2751999615748055 0.08710154818098456
0.28587281926695457 0.08183433202176561
0.2963508353172425 0.07689340794531087
0.3061239076848529 0.07242493048235311
0.3167223424922349 0.06791781742575012
0.3266158336169394 0.06390400272398439
0.33631448309978274 0.05991917725825561
0.34683849502239755 0.055874724849328754
0.3566575632623349 0.05227192030679586
0.36730199394204377 0.04831184868542334
0.37724148093907517 0.044863072928454144
0.3869861262942454 0.04158207894566223
0.3975561340891871 0.03804642998448332
0.40742119820145134 0.03482944858693921
0.4181116247534871 0.031462381582050405
0.4286072096636617 0.02818725308359696
0.43839785089115885 0.025190069530182903
0.44901385455842746 0.022038191693843807
0.4589249145430186 0.019100400187423865
0.4686411328857486 0.016338211988210772
0.4791827136682501 0.013409426566355014
0.4890193507680741 0.010640690762992896
0.4891909232529161 0.010592059804234315
0.48936249573775803 0.010543441773076695
0.48970564070744194 0.010446253125559687
0.49039193064680975 0.01025212613460746
0.4917645105255454 0.009865361864272384
0.4945096702830166 0.00910174979892272
0.4946812427678586 0.009054609927585108
0.49485281525270053 0.009007541099295198
0.49519596022238443 0.008913607150732762
0.49588225016175225 0.008726487899910563
0.49725483004048787 0.008354710904120023
0.4974264025253298 0.008308422824372922
0.4975979750101718 0.008262167606277793
0.4979411199798557 0.008169746058019836
0.4986274099192235 0.007985190387779596
0.49879898240406545 0.00793909710638009
0.4989705548889074 0.007893017177950467
0.4993136998585913 0.007800887541399144
0.49948527234343326 0.00775483290280414
0.4996568448282752 0.0077087817562130675
0.4998284173131172 0.007662731625173275
0.4999999897979592 0.007616680028728341
