28.00000530247664 -0.0005118977980373716
28.079805372977468 -0.0005113243844385698
28.159832873837082 -0.0005107472359180319
28.320572761187865 -0.0005095818338886473
28.644810344046366 -0.000507207303687274
29.30446443786241 -0.0005022888198945514
30.669695477307105 -0.0004918169037733153
33.59393009070438 -0.0004686577687732015
33.69773865215886 -0.00046782774695545005
33.80186799231955 -0.00046699502271236606
34.01109297677411 -0.00046532156786651085
34.433436110377976 -0.0004619433332450733
35.293921228215005 -0.0004550670803630949
37.07993891456384 -0.00044087817952639604
40.92768741839567 -0.0004110751169331442
49.21422686666591 -0.00035226223125039855
58.96487802279549 -0.0002934016578330653
71.73809392467345 -0.0002310595354863347
86.14366229954737 -0.00017615737057824604
105.03898601532318 -0.00012159995750244324
127.61654614335959 -0.00007383570501632597
153.0313895081735 -0.00003478566534133079
153.50300599327977 -0.000034170319881861084
153.97607591947246 -0.00003355651374556327
154.92659402594563 -0.000032333517876979205
156.84526954646904 -0.000029905979981209248
160.75419989433362 -0.000025124613335342044
168.86674601021733 -0.00001585568117077772
186.34071088112398 1.5180281261633747e-6
186.87676827303403 2.001814894430831e-6
187.41436777308587 2.484304584352884e-6
188.4942108554741 3.4453965463635445e-6
190.67259837113266 5.352057940627308e-6
195.10518983043178 9.103513937811981e-6
204.28190339497544 0.000016360840783172725
223.95050366259701 0.000029909621507230864
224.58206359230832 0.000030304686783308985
225.21540457603976 0.00003069857698135305
226.4874498106366 0.000031482837236734214
229.05313487934285 0.0000330373130919172
234.27202770259655 0.00003609037715254698
245.06925443924527 0.000041975339225320696
268.17952399826754 0.00005288050192606472
269.0002007361789 0.00005323046920973939
269.8233888899435 0.000053579158444226506
271.47733021005763 0.000054272710447676144
274.8156895768703 0.00005564456257255655
281.6160686380312 0.00005832769411899171
295.7258217657682 0.00006345518962515365
296.6307950430138 0.00006376522850756889
297.5385376984207 0.00006407405242319474
299.3623650687989 0.00006468806343670814
303.0436269801536 0.00006590159491236665
310.54251301066773 0.00006827115144309183
326.1015619507318 0.00007278391484769366
327.03261847787434 0.00007303791155855454
327.9663332758067 0.0000732909075822254
329.841768064356 0.00007379390434658689
333.6248722913429 0.00007478796425834602
341.3217487999372 0.0000767287306512663
357.2523097005243 0.000080423911039678
358.272305105617 0.0000806467312806404
359.29521271197 0.00008086860553914949
361.34979781083894 0.00008130952299850098
365.4942818631207 0.00008218008194491696
373.9264000465674 0.00008387648242634134
391.3787226987948 0.0000870935107047867
392.5901220873732 0.00008730311449635202
393.80527101161493 0.00008751167193400423
396.2468639254135 0.00008792565657063523
401.17555724040085 0.00008874116665165843
411.2176221981465 0.00009032284409849614
432.0621510547391 0.00009329277799611301
433.399474203035 0.00009346999191841149
434.7409366474914 0.00009364622998167017
437.4363307125073 0.00009399578731550207
442.8773567879115 0.00009468328826678155
453.9632843946969 0.00009601232633780994
476.9745812618322 0.00009849046427542574
478.4238806909114 0.000098634855027509
479.8775838532667 0.00009877837258652258
482.79825494188475 0.00009906279632508037
488.69303340710684 0.00009962125561925425
500.69938793979594 0.0001006970791680217
525.604271028578 0.00010268799068662384
527.2013330101794 0.00010280545012880134
528.80324770534 0.00010292210136237868
532.0216942615201 0.00010315298723302706
538.5174717301883 0.00010360514870639592
551.7479277540084 0.0001044714781898406
579.19197495313 0.00010605572183873864
580.8330953382386 0.00010614209039860787
582.4788657810735 0.00010622781106218602
585.7844095803663 0.00010639731503569011
592.4518801131287 0.00010672861783433623
606.0153548881353 0.00010736075574494432
607.7324783905393 0.00010743694725191468
609.4544673028679 0.0001075125160341188
612.9130965402443 0.00010766179166478834
619.8893491401619 0.0001079529387889312
634.0809718399707 0.00010850596396231644
635.8776182951988 0.0001085723782667883
637.6793554858818 0.00010863819462764839
641.2981598121759 0.00010876803965808556
648.5974947096777 0.00010902062183943774
663.4463559487498 0.00010949769638453427
665.3262082019886 0.0001095547269067766
667.2113869514271 0.00010961118385211192
670.9977843514382 0.00010972238304497363
678.6351640453038 0.00010993796477391774
694.1717016746608 0.00011034219722844611
696.3052787678989 0.00011039426920751785
698.4454135344075 0.00011044569474819176
702.7454367707439 0.00011054661406789322
711.4250663210678 0.0001107407783970478
713.6116726338817 0.00011078773162245661
715.8049996083555 0.00011083405345207559
720.2118982311489 0.00011092481039780524
729.107256560485 0.00011109882961103018
731.3482101132713 0.0001111407838634452
733.5960513671204 0.00011118212160204443
738.1124817220715 0.00011126295493043316
747.2289306843824 0.00011141730459668276
765.8010118918711 0.00011169714663334202
768.1547458355192 0.00011172945707616133
770.5157141173196 0.00011176118027552113
775.2594427043548 0.00011182287216991043
784.8346948738812 0.0001119392883753858
787.2469299490388 0.00011196695132298858
789.6665791689792 0.00011199404141022497
794.5282112644667 0.00011204651014449315
804.3414525609829 0.0001121446516881172
806.8136427902683 0.00011216778160740925
809.2934314399886 0.00011219035287819968
814.2758974892619 0.00011223382652890189
816.778621812751 0.00011225473242934123
819.2890384049899 0.0001122750867223272
824.3330430389234 0.00011231414749704905
826.866678584113 0.00011233285747751675
829.4081014054891 0.00011235102284798957
834.5144046889503 0.00011238572672630548
844.8215166360488 0.00011244867565015192
847.2448794067587 0.00011246213440207582
849.6751935713456 0.00011247513067276827
854.5567558993891 0.00011249974136530496
857.0080441146222 0.00011251135857931259
859.4663638276136 0.00011252251889641266
864.4041784838786 0.00011254347440104255
866.8837139404624 0.00011255327236386882
869.3703619217572 0.00011256261898037742
874.3650771258541 0.00011257996370176544
876.8731853288186 0.00011258796456500644
879.3884880171549 0.00011259551959865151
884.4407594584056 0.0001126092976705168
886.9777696637143 0.00011261552345010092
889.5220572595233 0.00011262130888281192
892.0736431209616 0.00011262665533400486
894.6325481830379 0.00011263156416690075
897.1987934408113 0.00011263603674258285
899.7723999495649 0.0001126400744199985
902.3533888249807 0.00011264367855595541
904.9417812433102 0.00011264685050511827
907.5375984415477 0.0001126495916200119
910.1408617176056 0.0001126519032510122
912.7515924304904 0.00011265378674635367
915.369812000477 0.00011265524345212025
917.9955419092826 0.00011265627471224598
920.6288037002442 0.00011265688186851548
923.2696189784976 0.00011265706626056141
925.9180094111528 0.00011265682922585981
928.5739967274695 0.00011265617209973399
931.2376027190383 0.00011265509621534834
933.90884923996 0.00011265360290371124
936.5877582070237 0.00011265169349366866
939.2743515998851 0.00011264936931190712
941.9686514612484 0.00011264663168295003
944.6706798970484 0.00011264348192915805
947.380459076631 0.00011263992137072588
950.0980112329329 0.00011263595132568194
952.8233586626653 0.00011263157310988629
955.5565237264997 0.00011262678803703418
958.2975288492485 0.00011262159741864287
961.046396520048 0.00011261600256406766
963.8031492925443 0.0001126100047804845
969.3404006808786 0.00011259680564414358
972.1209447282281 0.00011258960689487095
974.9094647406698 0.00011258201042356137
980.5105242423929 0.00011256562949785009
983.3231096867122 0.00011255684762951422
986.143763006577 0.0001125476732112652
991.8093659098396 0.00011252815187316966
994.6543619778349 0.00011251780752193422
997.5075188909524 0.00011250707575800717
1003.2384089569449 0.00011248445510527367
1014.7991537498315 0.00011243462097017714
1017.9537503084551 0.00011242007535722914
1021.1181532207892 0.00011240508693523987
1027.4765001371657 0.00011237378807869783
1040.312217873973 0.00011230594704797623
1043.5461241403232 0.00011228790371647332
1046.7900833019098 0.00011226943032643026
1053.3082854093382 0.00011223119968849284
1066.466705908056 0.00011214964703596916
1069.781915807386 0.00011212820731210068
1073.1074313417778 0.0001121063500864657
1079.789507559395 0.00011206138935070051
1093.2787438897142 0.00011196652611702282
1120.7648632812723 0.00011175737705976314
1124.248863999708 0.00011172944232430956
1127.7436950550002 0.0001117011146184525
1134.7659829492068 0.00011164328632217462
1148.9420111625266 0.00011152298020802832
1177.8275606797831 0.00011126410347865926
1181.488946044406 0.00011123006040856687
1185.1617131623823 0.0001111956481228476
1192.5415342932922 0.00011112572173713526
1207.4393217575948 0.00011098150236729758
1237.7955520798025 0.00011067591996184803
1241.5731885437542 0.00011063687014989787
1245.3623540015117 0.00011059748657033314
1252.9754127474819 0.00011051772344543226
1268.3414335362745 0.00011035425053511218
1299.6411154668099 0.00011001181334280858
1364.5767478916562 0.00010926729812299806
1368.741308728892 0.0001092182160305656
1372.918579416997 0.00010916884150503788
1381.3114056213155 0.00010906922013540858
1398.2512909204463 0.00010886652283231651
1432.7568424285678 0.00010844758534037703
1504.3435062905428 0.00010755770488902152
1508.626137184042 0.0001075037577702731
1512.9209600584918 0.00010744958958920177
1521.5473206837053 0.00010734059380092065
1538.9478795228235 0.00010711999073110477
1574.3482562222605 0.00010666854659480992
1647.6106830027243 0.00010572634285444255
1804.5220067047721 0.0001036973334675604
2198.016970356105 0.00009874836772923167
2642.512003597455 0.00009362623673293734
3165.4260559558247 0.00008830488705683631
3850.3576183376185 0.0000823540799124835
4622.607642151214 0.00007675480726059334
5635.425189069696 0.00007074514728979692
6845.34941627804 0.00006499070848328868
8206.946889751613 0.00005981168622018614
9991.284276436583 0.000054446987684576155
12005.439900617983 0.000049705143551482515
14373.552403478188 0.000045323857157870235
17474.46332725524 0.00004087963968835455
20968.175638579803 0.00003702714509494528
25548.83704058564 0.00003316876910991927
30725.481387495904 0.00002985760924615266
36817.604829400734 0.000026875231943780716
44798.76684288988 0.000023922367605268676
53801.409825380215 0.000021417252784012776
65610.74122216085 0.000018958993603305343
79723.34431478506 0.00001678730435626538
95612.16280705083 0.000014961494964396273
116437.92764773531 0.000013182795268045409
139956.4317622317 0.0000116956229313397
167617.95283075076 0.000010386411135026684
203845.8593441436 9.117826845433523e-6
244681.0442921021 8.063606324583376e-6
245461.54509465172 8.046255533693828e-6
246244.53559355048 8.028939113720403e-6
247818.01747296398 7.994409150569141e-6
250995.20872942722 7.925759084221132e-6
257472.31456933235 7.790085273472367e-6
270932.27822973166 7.525138969652039e-6
271796.5170644423 7.508859144831869e-6
272663.5127089669 7.492611838931331e-6
274405.8096309708 7.4602145573237906e-6
277923.87400729174 7.395807732287096e-6
285095.8927740806 7.26853243620011e-6
286005.31170253677 7.252766153392961e-6
286917.63155944727 7.237031491345966e-6
288751.01110248955 7.205656807518086e-6
292452.990470756 7.143284450914968e-6
293385.8775868416 7.127769583655521e-6
294321.74049185583 7.112285895007027e-6
296202.43166847463 7.0814118338964875e-6
297147.27901577577 7.066021351749152e-6
298095.1403035933 7.050661828891886e-6
299046.02514600614 7.035333210669131e-6
299999.9431877608 7.020035442499776e-6
